0
899.975000	-1.467950	521.897000
0.0	898.663000	383.998000
0.0	0.0	1.0
-0.038174	0.061023
1.000000	0.000000	0.000000	0.000000
0.000000	1.000000	0.000000	0.000000
0.000000	0.000000	1.000000	0.000000

1
899.215000	-1.066150	506.730000
0.0	898.257000	394.870000
0.0	0.0	1.0
-0.040299	0.064905
0.912996	-0.202466	0.354180	-7.631605
0.215907	0.976412	0.001604	0.126999
-0.346152	0.075005	0.935175	1.451121

2
899.926000	-0.806153	504.508000
0.0	898.670000	390.607000
0.0	0.0	1.0
-0.037760	0.065185
0.728842	-0.338542	0.595128	-13.409142
0.353703	0.930409	0.096094	-1.825508
-0.586245	0.140461	0.797865	4.671145

3
897.658000	-0.896806	514.531000
0.0	896.663000	386.056000
0.0	0.0	1.0
-0.037142	0.048588
0.497491	-0.391650	0.774023	-18.410066
0.412673	0.891696	0.185953	-3.799618
-0.763022	0.226909	0.605235	9.359314

4
902.325000	-1.118410	516.953000
0.0	901.345000	390.432000
0.0	0.0	1.0
-0.040419	0.076764
0.158618	-0.423775	0.891771	-21.493526
0.445703	0.836674	0.318316	-7.562993
-0.881016	0.346975	0.321590	16.087355

5
895.896000	-1.071470	507.503000
0.0	895.336000	388.704000
0.0	0.0	1.0
-0.040062	0.073147
-0.082511	-0.374312	0.923625	-22.114578
0.456209	0.809791	0.368934	-8.204438
-0.886039	0.451807	0.103948	21.383827

6
897.145000	-1.210120	488.588000
0.0	896.043000	400.489000
0.0	0.0	1.0
-0.038599	0.054724
-0.410652	-0.341487	0.845430	-20.169478
0.433050	0.742921	0.510427	-12.095824
-0.802392	0.575721	-0.157201	27.867789

7
897.573000	-0.874256	500.429000
0.0	896.328000	382.764000
0.0	0.0	1.0
-0.035206	0.048887
-0.672511	-0.245747	0.698097	-16.440495
0.352518	0.723016	0.594118	-13.507634
-0.650738	0.645643	-0.399606	33.774076

8
895.639000	-1.001430	507.756000
0.0	894.670000	395.088000
0.0	0.0	1.0
-0.037159	0.047783
-0.916554	-0.135276	0.376338	-8.220460
0.193044	0.674486	0.712600	-17.600218
-0.350233	0.725786	-0.592090	38.453224

9
896.475000	-1.050680	513.188000
0.0	895.449000	386.628000
0.0	0.0	1.0
-0.042905	0.063680
-0.974927	-0.011679	0.222217	-5.223235
0.156757	0.672728	0.723092	-17.039470
-0.157936	0.739795	-0.654031	40.216524

10
896.402000	-1.299490	495.557000
0.0	895.728000	394.079000
0.0	0.0	1.0
-0.039840	0.064699
-0.989041	0.122112	-0.082980	2.406071
0.018050	0.657847	0.752934	-18.440496
0.146531	0.743184	-0.652843	40.262551

11
898.227000	-1.102160	496.754000
0.0	897.162000	400.420000
0.0	0.0	1.0
-0.038791	0.051471
-0.918754	0.221378	-0.326930	7.586524
-0.095352	0.679110	0.727815	-17.589063
0.383145	0.699856	-0.602828	39.162712

12
895.197000	-1.037500	494.231000
0.0	894.183000	385.412000
0.0	0.0	1.0
-0.037135	0.064760
-0.770074	0.329610	-0.546207	13.083179
-0.167844	0.721343	0.671931	-16.476122
0.615478	0.609114	-0.500166	36.834843

13
894.738000	-1.436540	521.706000
0.0	894.032000	383.397000
0.0	0.0	1.0
-0.038802	0.043649
-0.507641	0.383999	-0.771262	18.892689
-0.293720	0.764425	0.573919	-13.687249
0.809956	0.517880	-0.275265	31.682723

14
900.014000	-1.473250	494.090000
0.0	898.630000	385.975000
0.0	0.0	1.0
-0.032364	0.043480
-0.160848	0.413136	-0.896352	23.156366
-0.355664	0.822898	0.443103	-10.717585
0.920669	0.390072	0.014576	24.555626

15
895.669000	-0.120724	510.594000
0.0	894.905000	382.299000
0.0	0.0	1.0
-0.039276	0.071652
0.097101	0.395609	-0.913271	22.449241
-0.350858	0.872306	0.340559	-7.898971
0.931381	0.287360	0.223505	19.555178

16
899.656000	-0.986039	500.194000
0.0	898.203000	385.483000
0.0	0.0	1.0
-0.031135	0.040388
0.443395	0.329252	-0.833662	21.824956
-0.327252	0.925348	0.191408	-5.025431
0.834449	0.187948	0.518044	12.365485

17
893.390000	-1.157690	505.083000
0.0	892.639000	388.072000
0.0	0.0	1.0
-0.045636	0.077124
0.676744	0.258637	-0.689292	17.975217
-0.267603	0.958637	0.096970	-2.902199
0.685861	0.118832	0.717964	7.360647

18
894.148000	-1.204410	507.190000
0.0	893.416000	395.036000
0.0	0.0	1.0
-0.037271	0.045869
0.870083	0.139173	-0.472847	12.604219
-0.153470	0.988116	0.008431	-0.735777
0.468402	0.065231	0.881103	3.179946

19
893.950000	-1.799580	513.064000
0.0	892.512000	407.805000
0.0	0.0	1.0
-0.038640	0.062516
0.975836	0.011066	-0.218224	6.158246
-0.017310	0.999492	-0.026722	0.470965
0.217818	0.029854	0.975532	0.915682

